15,10
0,0,0,0,0
0,0,1,0,0
0,0,2,0,0
0,0,3,0,0
0,0,4,0,0
0,0,5,0,0
0,0,6,0,0
0,0,7,0,0
0,0,8,0,0
0,0,9,0,0
0,0,10,0,0
0,0,11,0,0
0,0,12,0,0
0,0,13,0,0
0,0,14,0,0
0,0,0,1,0
2,0,1,1,2
2,1
2,1
1,-90,2,1,2
1,1
1,1
2,90,3,1,2
2,1
2,1
0,0,4,1,0
2,0,5,1,2
6,1
6,1
1,-90,6,1,2
5,1
5,1
3,90,7,1,3
6,1
6,1
6,1
1,-90,8,1,2
7,1
7,1
3,90,9,1,3
8,1
8,1
8,1
1,-90,10,1,2
9,1
9,1
3,90,11,1,3
10,1
10,1
10,1
1,-90,12,1,2
11,1
11,1
2,90,13,1,2
12,1
12,1
0,0,14,1,0
0,0,0,2,0
1,0,1,2,2
1,1
1,1
0,0,2,2,0
1,0,3,2,2
3,1
3,1
0,0,4,2,0
1,0,5,2,2
5,1
5,1
0,0,6,2,0
1,0,7,2,2
7,1
7,1
0,0,8,2,0
1,0,9,2,2
9,1
9,1
0,0,10,2,0
1,0,11,2,2
11,1
11,1
0,0,12,2,0
1,0,13,2,2
13,1
13,1
0,0,14,2,0
0,0,0,3,0
1,0,1,3,2
1,2
1,2
0,0,2,3,0
2,-90,3,3,2
4,3
4,3
3,90,4,3,3
3,3
3,3
3,3
2,-180,5,3,3
4,3
4,3
4,3
0,0,6,3,0
1,0,7,3,2
7,2
7,2
0,0,8,3,0
1,0,9,3,2
9,2
9,2
0,0,10,3,0
1,0,11,3,2
11,2
11,2
0,0,12,3,0
1,0,13,3,2
13,2
13,2
0,0,14,3,0
0,0,0,4,0
2,-90,1,4,3
2,4
2,4
2,4
2,90,2,4,2
1,4
1,4
0,0,3,4,0
1,0,4,4,3
5,4
5,4
5,4
5,0,5,4,3
4,4
4,4
4,4
0,0,6,4,0
1,0,7,4,2
7,3
7,3
0,0,8,4,0
1,0,9,4,2
9,3
9,3
0,0,10,4,0
1,0,11,4,2
11,3
11,3
0,0,12,4,0
1,0,13,4,2
13,3
13,3
0,0,14,4,0
0,0,0,5,0
5,0,1,5,3
2,5
2,5
2,5
1,0,2,5,3
1,5
1,5
1,5
0,0,3,5,0
1,0,4,5,3
5,5
5,5
5,5
5,0,5,5,3
4,5
4,5
4,5
0,0,6,5,0
1,0,7,5,2
7,4
7,4
0,0,8,5,0
1,0,9,5,2
9,4
9,4
0,0,10,5,0
1,0,11,5,2
11,4
11,4
0,0,12,5,0
1,0,13,5,2
13,4
13,4
0,0,14,5,0
0,0,0,6,0
5,0,1,6,3
2,6
2,6
2,6
3,0,2,6,4
1,6
1,6
1,6
1,6
1,-90,3,6,2
2,6
2,6
3,-180,4,6,4
3,6
3,6
3,6
3,6
5,-180,5,6,3
4,6
4,6
4,6
0,0,6,6,0
1,0,7,6,2
7,5
7,5
0,0,8,6,0
1,0,9,6,2
9,5
9,5
0,0,10,6,0
1,0,11,6,2
11,5
11,5
0,0,12,6,0
1,0,13,6,2
13,5
13,5
0,0,14,6,0
0,0,0,7,0
5,0,1,7,3
2,7
2,7
2,7
1,0,2,7,3
1,7
1,7
1,7
0,0,3,7,0
1,0,4,7,3
5,7
5,7
5,7
5,0,5,7,3
4,7
4,7
4,7
0,0,6,7,0
1,0,7,7,2
7,6
7,6
0,0,8,7,0
1,0,9,7,2
9,6
9,6
0,0,10,7,0
1,0,11,7,2
11,6
11,6
0,0,12,7,0
1,0,13,7,2
13,6
13,6
0,0,14,7,0
0,0,0,8,0
5,0,1,8,2
2,8
2,8
2,-90,2,8,3
1,8
1,8
1,8
1,-90,3,8,2
2,8
2,8
3,-90,4,8,3
3,8
3,8
3,8
1,-90,5,8,3
4,8
4,8
4,8
1,-90,6,8,2
5,8
5,8
3,-90,7,8,3
6,8
6,8
6,8
1,-90,8,8,2
7,8
7,8
3,-90,9,8,3
8,8
8,8
8,8
1,-90,10,8,2
9,8
9,8
3,-90,11,8,3
10,8
10,8
10,8
1,-90,12,8,2
11,8
11,8
2,-180,13,8,2
12,8
12,8
0,0,14,8,0
0,0,0,9,0
0,0,1,9,0
0,0,2,9,0
0,0,3,9,0
0,0,4,9,0
0,0,5,9,0
0,0,6,9,0
0,0,7,9,0
0,0,8,9,0
0,0,9,9,0
0,0,10,9,0
0,0,11,9,0
0,0,12,9,0
0,0,13,9,0
0,0,14,9,0
